rse:0.7538426031771819
rae:0.7068014740943909
