rse:0.7612201420019897
rae:0.7822954058647156
