rse:0.5912882048590126
rae:0.5876949429512024
