rse:0.43305527934861965
rae:0.4217373728752136
